outofresource= 752447 8000004 1152.000000 3313.000000;
outofresource= 908025 8000000 728.000000 4922.000000;
outofresource= 846747 8000000 2483.000000 1469.000000;
outofresource= 731384 8000005 1137.000000 3424.000000;
outofresource= 675261 8000008 1650.000000 2343.000000;
solved= 1 0 0.000000 1000000000001.000000;
outofresource= 606807 8000011 2400.000000 1632.000000;
outofresource= 735347 8000002 1986.000000 1912.000000;
outofresource= 698111 8000010 783.000000 4893.000000;
outofresource= 660250 8000013 1617.000000 2439.000000;
outofresource= 760894 8000002 1463.000000 2587.000000;
outofresource= 675081 8000000 2071.000000 1837.000000;
solved= 1 0 0.000000 1000000000001.000000;
outofresource= 1051908 8000000 8009.000000 409.000000;
outofresource= 685103 8000014 1622.000000 2402.000000;
outofresource= 878915 8000007 3062.000000 1172.000000;
outofresource= 779687 8000004 1112.000000 3467.000000;
outofresource= 742144 8000004 346.000000 10955.000000;
outofresource= 789104 8000001 2079.000000 1788.000000;
outofresource= 791204 8000003 1076.000000 3573.000000;
outofresource= 648788 8000006 2263.000000 1701.000000;
outofresource= 716189 8000000 681.000000 5626.000000;
outofresource= 838225 8000002 399.000000 9318.000000;
outofresource= 738882 8000004 445.000000 8508.000000;
outofresource= 658742 8000010 1619.000000 2468.000000;
outofresource= 762823 8000013 1539.000000 2463.000000;
outofresource= 644346 8000004 1106.000000 3545.000000;
outofresource= 714671 8000002 1906.000000 1969.000000;
outofresource= 787980 8000002 1463.000000 2626.000000;
outofresource= 710585 8000006 1227.000000 3117.000000;
outofresource= 840613 8000005 6742.000000 517.000000;
outofresource= 756275 8000008 548.000000 7093.000000;
outofresource= 772431 8000010 1962.000000 1866.000000;
outofresource= 626294 8000009 927.000000 4138.000000;
outofresource= 929512 8000005 2958.000000 1186.000000;
solved= 1 0 0.000000 1000000000001.000000;
outofresource= 709678 8000006 1019.000000 3770.000000;
outofresource= 658463 8000001 1075.000000 3640.000000;
outofresource= 767189 8000010 1314.000000 2921.000000;
outofresource= 792917 8000000 1238.000000 2999.000000;
------------------------------------20 plies----------id = 40
solved= 558 2474 0.000000 1000000000000.000000;
outofresource= 1396026 8000000 953.000000 2203.000000;
solved= 16085 104831 0.000000 1000000000000.000000;
unsolved= 10 34 1000000000000.000000 0.000000;
solved= 1 0 0.000000 1000000000001.000000;
unsolved= 2197 8294 1000000000000.000000 0.000000;
unsolved= 274407 1403231 1000000000000.000000 0.000000;
unsolved= 6469 26268 1000000000000.000000 0.000000;
unsolved= 59 242 1000000000000.000000 0.000000;
unsolved= 2692 10361 1000000000000.000000 0.000000;
solved= 51253 265981 0.000000 1000000000000.000000;
outofresource= 1213675 8000003 1063.000000 3469.000000;
outofresource= 2410910 8000000 205.000000 2793.000000;
unsolved= 72270 395127 1000000000000.000000 0.000000;
solved= 312699 1537744 0.000000 1000000000000.000000;
unsolved= 12756 65527 1000000000000.000000 0.000000;
solved= 930 4256 0.000000 1000000000000.000000;
unsolved= 529 2195 1000000000000.000000 0.000000;
solved= 65686 317788 0.000000 1000000000000.000000;
unsolved= 291098 1876193 1000000000000.000000 0.000000;
unsolved= 806387 5659103 1000000000000.000000 0.000000;
unsolved= 625357 3697731 1000000000000.000000 0.000000;
solved= 39 168 0.000000 1000000000000.000000;
solved= 770 5517 0.000000 1000000000000.000000;
outofresource= 1772355 8000002 2722.000000 311.000000;
unsolved= 1967 7731 1000000000000.000000 0.000000;
solved= 11760 69760 0.000000 1000000000000.000000;
unsolved= 204801 940198 1000000000000.000000 0.000000;
solved= 30315 167632 0.000000 1000000000000.000000;
solved= 66438 408210 0.000000 1000000000000.000000;
solved= 104343 360857 0.000000 1000000000000.000000;
solved= 19184 110061 0.000000 1000000000000.000000;
unsolved= 41396 237179 1000000000000.000000 0.000000;
unsolved= 89 325 1000000000000.000000 0.000000;
unsolved= 1099 5705 1000000000000.000000 0.000000;
solved= 5722 29632 0.000000 1000000000000.000000;
unsolved= 6218 31015 1000000000000.000000 0.000000;
outofresource= 1329510 8000000 290.000000 3909.000000;
unsolved= 169894 747165 1000000000000.000000 0.000000;
unsolved= 9325 59874 1000000000000.000000 0.000000;
outofresource= 1855543 8000003 3072.000000 759.000000;
solved= 139 488 0.000000 1000000000000.000000;
unsolved= 4899 23141 1000000000000.000000 0.000000;
outofresource= 1928031 8000004 2505.000000 594.000000;
unsolved= 666 1889 1000000000000.000000 0.000000;
solved= 5971 34864 0.000000 1000000000000.000000;
solved= 4239 31196 0.000000 1000000000000.000000;
solved= 18652 97228 0.000000 1000000000000.000000;
solved= 289294 1261803 0.000000 1000000000000.000000;
unsolved= 133949 620517 1000000000000.000000 0.000000;
solved= 1 0 0.000000 1000000000001.000000;
outofresource= 987601 8000000 922.000000 4425.000000;
unsolved= 61786 295648 1000000000000.000000 0.000000;
unsolved= 256 876 1000000000000.000000 0.000000;
unsolved= 843 3369 1000000000000.000000 0.000000;
outofresource= 1150533 8000000 1579.000000 1801.000000;
outofresource= 1074782 8000000 803.000000 4875.000000;
solved= 76165 392306 0.000000 1000000000000.000000;
unsolved= 750112 5380323 1000000000000.000000 0.000000;
solved= 762682 3385994 0.000000 1000000000000.000000;
unsolved= 115174 597637 1000000000000.000000 0.000000;
outofresource= 1273902 8000001 874.000000 3740.000000;
unsolved= 150648 826253 1000000000000.000000 0.000000;
solved= 1 0 0.000000 1000000000001.000000;
unsolved= 22306 108421 1000000000000.000000 0.000000;
unsolved= 53834 278985 1000000000000.000000 0.000000;
unsolved= 7740 45174 1000000000000.000000 0.000000;
unsolved= 460122 2527093 1000000000000.000000 0.000000;
unsolved= 8581 35058 1000000000000.000000 0.000000;
unsolved= 27797 130574 1000000000000.000000 0.000000;
unsolved= 162152 690125 1000000000000.000000 0.000000;
unsolved= 16599 104449 1000000000000.000000 0.000000;
solved= 328 1590 0.000000 1000000000000.000000;
outofresource= 978683 8000005 4990.000000 636.000000;
solved= 2697 12925 0.000000 1000000000000.000000;
solved= 467282 2382991 0.000000 1000000000000.000000;
unsolved= 1067062 5723127 1000000000000.000000 0.000000;
solved= 331 1469 0.000000 1000000000000.000000;
unsolved= 37601 226814 1000000000000.000000 0.000000;
solved= 128 608 0.000000 1000000000000.000000;
solved= 255 1409 0.000000 1000000000000.000000;
unsolved= 1605280 7711369 1000000000000.000000 0.000000;
solved= 9252 51600 0.000000 1000000000000.000000;
solved= 137356 759732 0.000000 1000000000000.000000;
unsolved= 1507 5403 1000000000000.000000 0.000000;
solved= 157154 917075 0.000000 1000000000000.000000;
outofresource= 1703235 8000001 424.000000 885.000000;
outofresource= 1720905 8000002 519.000000 2448.000000;
unsolved= 3050 14357 1000000000000.000000 0.000000;
unsolved= 645 3069 1000000000000.000000 0.000000;
unsolved= 889 4611 1000000000000.000000 0.000000;
unsolved= 276002 1328907 1000000000000.000000 0.000000;
unsolved= 30013 122900 1000000000000.000000 0.000000;
solved= 468833 2193763 0.000000 1000000000000.000000;
unsolved= 2446 11953 1000000000000.000000 0.000000;
solved= 40835 178431 0.000000 1000000000000.000000;
solved= 442632 2027915 0.000000 1000000000000.000000;
solved= 22021 128994 0.000000 1000000000000.000000;
solved= 457 1521 0.000000 1000000000000.000000;
unsolved= 8013 35606 1000000000000.000000 0.000000;
unsolved= 880622 5082912 1000000000000.000000 0.000000;
unsolved= 1077 4952 1000000000000.000000 0.000000;
unsolved= 1320329 5855995 1000000000000.000000 0.000000;
solved= 430301 2810853 0.000000 1000000000000.000000;
solved= 839 5447 0.000000 1000000000000.000000;
unsolved= 522 2208 1000000000000.000000 0.000000;
solved= 6122 27089 0.000000 1000000000000.000000;
unsolved= 11317 54217 1000000000000.000000 0.000000;
solved= 394 1514 0.000000 1000000000000.000000;
unsolved= 40291 185799 1000000000000.000000 0.000000;
unsolved= 453880 1765262 1000000000000.000000 0.000000;
unsolved= 1105 5521 1000000000000.000000 0.000000;
unsolved= 127 492 1000000000000.000000 0.000000;
unsolved= 63 221 1000000000000.000000 0.000000;
outofresource= 1102731 8000009 2366.000000 679.000000;
unsolved= 465427 3026484 1000000000000.000000 0.000000;
unsolved= 48984 228697 1000000000000.000000 0.000000;
solved= 630 2923 0.000000 1000000000000.000000;
solved= 1116 5664 0.000000 1000000000000.000000;
solved= 98996 541845 0.000000 1000000000000.000000;
solved= 252 1096 0.000000 1000000000000.000000;
unsolved= 17 71 1000000000000.000000 0.000000;
outofresource= 1186643 8000000 1237.000000 2460.000000;
outofresource= 1306512 8000002 1866.000000 1275.000000;
unsolved= 49379 295841 1000000000000.000000 0.000000;
unsolved= 98796 532654 1000000000000.000000 0.000000;
unsolved= 3417 20119 1000000000000.000000 0.000000;
solved= 573 2786 0.000000 1000000000000.000000;
solved= 26941 159729 0.000000 1000000000000.000000;
solved= 16548 100976 0.000000 1000000000000.000000;
unsolved= 95923 532589 1000000000000.000000 0.000000;
unsolved= 468 1980 1000000000000.000000 0.000000;
unsolved= 12783 46416 1000000000000.000000 0.000000;
unsolved= 1308 6225 1000000000000.000000 0.000000;
unsolved= 30951 167182 1000000000000.000000 0.000000;
unsolved= 26 113 1000000000000.000000 0.000000;
solved= 78112 468323 0.000000 1000000000000.000000;
outofresource= 1347586 8000001 1996.000000 1146.000000;
solved= 1112178 4530299 0.000000 1000000000000.000000;
solved= 661393 3983563 0.000000 1000000000000.000000;
solved= 27432 142855 0.000000 1000000000000.000000;
unsolved= 94 380 1000000000000.000000 0.000000;
outofresource= 1424274 8000003 2857.000000 678.000000;
unsolved= 816 3772 1000000000000.000000 0.000000;
solved= 263673 1330134 0.000000 1000000000000.000000;
unsolved= 1232515 7563057 1000000000000.000000 0.000000;
solved= 1201 6043 0.000000 1000000000000.000000;
unsolved= 29603 131183 1000000000000.000000 0.000000;
unsolved= 240 1049 1000000000000.000000 0.000000;
outofresource= 1204845 8000002 1225.000000 3106.000000;
outofresource= 1055529 8000002 1989.000000 1873.000000;
solved= 792125 4663577 0.000000 1000000000000.000000;
solved= 403316 2791074 0.000000 1000000000000.000000;
unsolved= 4373 19173 1000000000000.000000 0.000000;
unsolved= 520 2070 1000000000000.000000 0.000000;
unsolved= 5241 27542 1000000000000.000000 0.000000;
unsolved= 20061 98000 1000000000000.000000 0.000000;
unsolved= 1060 5796 1000000000000.000000 0.000000;
unsolved= 392511 2210939 1000000000000.000000 0.000000;
unsolved= 17926 88899 1000000000000.000000 0.000000;
outofresource= 1629225 8000004 970.000000 1000.000000;
solved= 166503 767447 0.000000 1000000000000.000000;
unsolved= 1289 5446 1000000000000.000000 0.000000;
solved= 128695 503488 0.000000 1000000000000.000000;
unsolved= 2289 12861 1000000000000.000000 0.000000;
unsolved= 2289 12861 1000000000000.000000 0.000000;
outofresource= 894051 8000012 2898.000000 1400.000000;
outofresource= 1065427 8000006 1415.000000 2712.000000;
solved= 32740 213626 0.000000 1000000000000.000000;
solved= 1427 7366 0.000000 1000000000000.000000;
solved= 52511 313231 0.000000 1000000000000.000000;
solved= 647594 4325346 0.000000 1000000000000.000000;
outofresource= 2138967 8000000 3741.000000 188.000000;
unsolved= 7647 40277 1000000000000.000000 0.000000;
outofresource= 1362079 8000003 2578.000000 722.000000;
solved= 41492 253758 0.000000 1000000000000.000000;
unsolved= 124076 541970 1000000000000.000000 0.000000;
solved= 2886 16320 0.000000 1000000000000.000000;
solved= 53763 290965 0.000000 1000000000000.000000;
unsolved= 24072 110728 1000000000000.000000 0.000000;
solved= 11826 61290 0.000000 1000000000000.000000;
unsolved= 81 287 1000000000000.000000 0.000000;
solved= 1 0 0.000000 1000000000001.000000;
solved= 1 0 0.000000 1000000000001.000000;
unsolved= 40044 249513 1000000000000.000000 0.000000;
unsolved= 1328431 5408959 1000000000000.000000 0.000000;
unsolved= 20762 111819 1000000000000.000000 0.000000;
outofresource= 1161385 8000005 1210.000000 3157.000000;
solved= 4009 19993 0.000000 1000000000000.000000;
unsolved= 212596 1189675 1000000000000.000000 0.000000;
unsolved= 49990 261249 1000000000000.000000 0.000000;
unsolved= 187906 1122956 1000000000000.000000 0.000000;
outofresource= 1476951 8000004 3397.000000 817.000000;
unsolved= 36807 182973 1000000000000.000000 0.000000;
unsolved= 2666 13830 1000000000000.000000 0.000000;
unsolved= 385 2095 1000000000000.000000 0.000000;
unsolved= 404858 1902522 1000000000000.000000 0.000000;
unsolved= 157874 721370 1000000000000.000000 0.000000;
unsolved= 208842 1174625 1000000000000.000000 0.000000;
solved= 1165077 5496311 0.000000 1000000000000.000000;
solved= 487046 3155397 0.000000 1000000000000.000000;
unsolved= 676 3629 1000000000000.000000 0.000000;
solved= 2874 10710 0.000000 1000000000000.000000;
unsolved= 568259 3113903 1000000000000.000000 0.000000;
unsolved= 396984 2042161 1000000000000.000000 0.000000;
solved= 22193 118099 0.000000 1000000000000.000000;
unsolved= 5995 29730 1000000000000.000000 0.000000;
unsolved= 732 4814 1000000000000.000000 0.000000;
outofresource= 1629303 8000001 363.000000 5097.000000;
solved= 226 958 0.000000 1000000000000.000000;
solved= 4984 27630 0.000000 1000000000000.000000;
unsolved= 618987 3353817 1000000000000.000000 0.000000;
solved= 1 0 0.000000 1000000000001.000000;
solved= 1 0 0.000000 1000000000001.000000;
unsolved= 36696 208039 1000000000000.000000 0.000000;
outofresource= 1579003 8000003 365.000000 2980.000000;
outofresource= 1194219 8000001 1151.000000 2962.000000;
solved= 1500 9076 0.000000 1000000000000.000000;
unsolved= 1226 4459 1000000000000.000000 0.000000;
solved= 19733 74253 0.000000 1000000000000.000000;
unsolved= 22826 131352 1000000000000.000000 0.000000;
solved= 1 0 0.000000 1000000000001.000000;
unsolved= 2045 10271 1000000000000.000000 0.000000;
unsolved= 1479300 7460170 1000000000000.000000 0.000000;
unsolved= 33585 159044 1000000000000.000000 0.000000;
unsolved= 756175 3946633 1000000000000.000000 0.000000;
unsolved= 1020 4771 1000000000000.000000 0.000000;
solved= 2579 14515 0.000000 1000000000000.000000;
unsolved= 47912 313484 1000000000000.000000 0.000000;
unsolved= 13072 71499 1000000000000.000000 0.000000;
unsolved= 8 20 1000000000000.000000 0.000000;
unsolved= 10215 32055 1000000000000.000000 0.000000;
unsolved= 2243 12642 1000000000000.000000 0.000000;
unsolved= 922 4663 1000000000000.000000 0.000000;
solved= 236 1102 0.000000 1000000000000.000000;
unsolved= 34456 175178 1000000000000.000000 0.000000;
unsolved= 8317 43228 1000000000000.000000 0.000000;
solved= 299 1284 0.000000 1000000000000.000000;
unsolved= 464797 2388912 1000000000000.000000 0.000000;
outofresource= 1558399 8000001 1611.000000 1274.000000;
outofresource= 949952 8000000 1748.000000 2251.000000;
solved= 1196 6646 0.000000 1000000000000.000000;
solved= 41048 196811 0.000000 1000000000000.000000;
unsolved= 1016982 5178183 1000000000000.000000 0.000000;
unsolved= 94372 303998 1000000000000.000000 0.000000;
unsolved= 59050 228532 1000000000000.000000 0.000000;
solved= 19664 129818 0.000000 1000000000000.000000;
solved= 711920 3366434 0.000000 1000000000000.000000;
solved= 1448999 7537733 0.000000 1000000000000.000000;
unsolved= 768457 3046413 1000000000000.000000 0.000000;
solved= 1188 5538 0.000000 1000000000000.000000;
solved= 496367 2640061 0.000000 1000000000000.000000;
outofresource= 1694828 8000004 3376.000000 923.000000;
unsolved= 12880 47747 1000000000000.000000 0.000000;
unsolved= 51513 302946 1000000000000.000000 0.000000;
unsolved= 27010 159296 1000000000000.000000 0.000000;
unsolved= 197044 873385 1000000000000.000000 0.000000;
unsolved= 11540 53368 1000000000000.000000 0.000000;
unsolved= 6040 30103 1000000000000.000000 0.000000;
outofresource= 1181690 8000004 1348.000000 2801.000000;
solved= 106567 622040 0.000000 1000000000000.000000;
unsolved= 11884 57682 1000000000000.000000 0.000000;
solved= 55 223 0.000000 1000000000000.000000;
unsolved= 157433 829777 1000000000000.000000 0.000000;
solved= 36326 159674 0.000000 1000000000000.000000;
unsolved= 5484 32905 1000000000000.000000 0.000000;
unsolved= 1510 8741 1000000000000.000000 0.000000;
unsolved= 320238 1428303 1000000000000.000000 0.000000;
solved= 5635 22309 0.000000 1000000000000.000000;
solved= 3233 16888 0.000000 1000000000000.000000;
outofresource= 957850 8000000 1336.000000 2937.000000;
solved= 150808 904309 0.000000 1000000000000.000000;
unsolved= 109 465 1000000000000.000000 0.000000;
unsolved= 665 3193 1000000000000.000000 0.000000;
unsolved= 263 926 1000000000000.000000 0.000000;
unsolved= 1474877 7728344 1000000000000.000000 0.000000;
solved= 210 970 0.000000 1000000000000.000000;
unsolved= 541057 2421026 1000000000000.000000 0.000000;
solved= 954211 5793091 0.000000 1000000000000.000000;
outofresource= 1181414 8000001 1648.000000 2097.000000;
outofresource= 1106950 8000002 2347.000000 799.000000;
solved= 1 0 0.000000 1000000000001.000000;
solved= 1 0 0.000000 1000000000001.000000;
solved= 279251 1941510 0.000000 1000000000000.000000;
unsolved= 1999 9286 1000000000000.000000 0.000000;
outofresource= 1837507 8000000 5674.000000 194.000000;
solved= 11564 49996 0.000000 1000000000000.000000;
solved= 11729 53048 0.000000 1000000000000.000000;
unsolved= 371242 1650013 1000000000000.000000 0.000000;
unsolved= 664880 3066220 1000000000000.000000 0.000000;
solved= 5077 21713 0.000000 1000000000000.000000;
unsolved= 5 25 1000000000000.000000 0.000000;
unsolved= 1764 9024 1000000000000.000000 0.000000;
unsolved= 5795 22491 1000000000000.000000 0.000000;
unsolved= 176 745 1000000000000.000000 0.000000;
unsolved= 8391 30578 1000000000000.000000 0.000000;
solved= 189114 1061279 0.000000 1000000000000.000000;
unsolved= 12957 72069 1000000000000.000000 0.000000;
outofresource= 1929085 8000004 467.000000 3047.000000;
outofresource= 1042757 8000003 1475.000000 2649.000000;
unsolved= 3180 19584 1000000000000.000000 0.000000;
unsolved= 268 1004 1000000000000.000000 0.000000;
solved= 1 0 0.000000 1000000000001.000000;
unsolved= 3283 18179 1000000000000.000000 0.000000;
unsolved= 9799 39755 1000000000000.000000 0.000000;
unsolved= 613298 2896402 1000000000000.000000 0.000000;
solved= 28338 137095 0.000000 1000000000000.000000;
solved= 52 214 0.000000 1000000000000.000000;
solved= 70600 379033 0.000000 1000000000000.000000;
unsolved= 815633 3625981 1000000000000.000000 0.000000;
solved= 282314 1295691 0.000000 1000000000000.000000;
solved= 1522578 6554939 0.000000 1000000000000.000000;
unsolved= 130906 620706 1000000000000.000000 0.000000;
solved= 776335 3765827 0.000000 1000000000000.000000;
outofresource= 1918792 8000004 2247.000000 802.000000;
solved= 184697 840877 0.000000 1000000000000.000000;
unsolved= 620389 3253827 1000000000000.000000 0.000000;
unsolved= 143910 872586 1000000000000.000000 0.000000;
outofresource= 1273837 8000006 1256.000000 2460.000000;
solved= 71120 229962 0.000000 1000000000000.000000;
outofresource= 1083495 8000008 1983.000000 1878.000000;
solved= 154523 684211 0.000000 1000000000000.000000;
unsolved= 892 3884 1000000000000.000000 0.000000;
unsolved= 732 2557 1000000000000.000000 0.000000;
solved= 235254 1459777 0.000000 1000000000000.000000;
unsolved= 647302 4161443 1000000000000.000000 0.000000;
solved= 29812 109928 0.000000 1000000000000.000000;
solved= 48810 283154 0.000000 1000000000000.000000;
solved= 1738 7924 0.000000 1000000000000.000000;
unsolved= 6578 32305 1000000000000.000000 0.000000;
unsolved= 2473 11504 1000000000000.000000 0.000000;
solved= 64375 304942 0.000000 1000000000000.000000;
solved= 234 1159 0.000000 1000000000000.000000;
solved= 1 0 0.000000 1000000000001.000000;
solved= 250136 1569550 0.000000 1000000000000.000000;
unsolved= 10396 39510 1000000000000.000000 0.000000;
solved= 1 0 0.000000 1000000000001.000000;
unsolved= 100232 486888 1000000000000.000000 0.000000;
unsolved= 78568 346670 1000000000000.000000 0.000000;
unsolved= 51853 281013 1000000000000.000000 0.000000;
solved= 1 0 0.000000 1000000000001.000000;
solved= 7063 36763 0.000000 1000000000000.000000;
outofresource= 1416310 8000003 8039.000000 201.000000;
solved= 84346 476667 0.000000 1000000000000.000000;
solved= 208535 1293985 0.000000 1000000000000.000000;
outofresource= 1174766 8000004 1245.000000 2640.000000;
outofresource= 1241195 8000004 1865.000000 1722.000000;
solved= 85202 395415 0.000000 1000000000000.000000;
solved= 40682 275965 0.000000 1000000000000.000000;
solved= 1815673 7241807 0.000000 1000000000000.000000;
unsolved= 4547 22784 1000000000000.000000 0.000000;
unsolved= 9656 38214 1000000000000.000000 0.000000;
solved= 18776 94694 0.000000 1000000000000.000000;
solved= 223185 923044 0.000000 1000000000000.000000;
unsolved= 15905 62639 1000000000000.000000 0.000000;
unsolved= 6554 34291 1000000000000.000000 0.000000;
unsolved= 304 1514 1000000000000.000000 0.000000;
solved= 9659 39993 0.000000 1000000000000.000000;
solved= 108 518 0.000000 1000000000000.000000;
solved= 6224 24323 0.000000 1000000000000.000000;
id0outofresource= 752447 8000004 1152.000000 3313.000000;
id1outofresource= 908025 8000000 728.000000 4922.000000;
id2outofresource= 846747 8000000 2483.000000 1469.000000;
id3outofresource= 731384 8000005 1137.000000 3424.000000;
id4outofresource= 675261 8000008 1650.000000 2343.000000;
id5solved= 1 0 0.000000 1000000000001.000000;
id6outofresource= 606807 8000011 2400.000000 1632.000000;
id7outofresource= 735347 8000002 1986.000000 1912.000000;
id8outofresource= 698111 8000010 783.000000 4893.000000;
id9outofresource= 660250 8000013 1617.000000 2439.000000;
id10outofresource= 760894 8000002 1463.000000 2587.000000;
id11outofresource= 675081 8000000 2071.000000 1837.000000;
id12solved= 1 0 0.000000 1000000000001.000000;
id13outofresource= 1051908 8000000 8009.000000 409.000000;
id14outofresource= 685103 8000014 1622.000000 2402.000000;
id15outofresource= 878915 8000007 3062.000000 1172.000000;
id16outofresource= 779687 8000004 1112.000000 3467.000000;
id17outofresource= 742144 8000004 346.000000 10955.000000;
id18outofresource= 789104 8000001 2079.000000 1788.000000;
id19outofresource= 791204 8000003 1076.000000 3573.000000;
id20outofresource= 648788 8000006 2263.000000 1701.000000;
id21outofresource= 716189 8000000 681.000000 5626.000000;
id22outofresource= 838225 8000002 399.000000 9318.000000;
id23outofresource= 738882 8000004 445.000000 8508.000000;
id24outofresource= 658742 8000010 1619.000000 2468.000000;
id25outofresource= 762823 8000013 1539.000000 2463.000000;
id26outofresource= 644346 8000004 1106.000000 3545.000000;
id27outofresource= 714671 8000002 1906.000000 1969.000000;
id28outofresource= 787980 8000002 1463.000000 2626.000000;
id29outofresource= 710585 8000006 1227.000000 3117.000000;
id30outofresource= 840613 8000005 6742.000000 517.000000;
id31outofresource= 756275 8000008 548.000000 7093.000000;
id32outofresource= 772431 8000010 1962.000000 1866.000000;
id33outofresource= 626294 8000009 927.000000 4138.000000;
id34outofresource= 929512 8000005 2958.000000 1186.000000;
id35solved= 1 0 0.000000 1000000000001.000000;
id36outofresource= 709678 8000006 1019.000000 3770.000000;
id37outofresource= 658463 8000001 1075.000000 3640.000000;
id38outofresource= 767189 8000010 1314.000000 2921.000000;
id39outofresource= 792917 8000000 1238.000000 2999.000000;
id40outofresource= 842775 8000004 5028.000000 749.000000;
id41outofresource= 620332 8000000 1249.000000 3197.000000;
id42outofresource= 761016 8000011 2900.000000 1293.000000;
id43outofresource= 779968 8000000 776.000000 5038.000000;
id44outofresource= 646904 8000006 927.000000 4165.000000;
id45outofresource= 828873 8000009 1394.000000 2730.000000;
id46outofresource= 591456 8000007 1113.000000 3559.000000;
id47outofresource= 1091266 8000005 18390.000000 175.000000;
id48solved= 2639 17175 0.000000 1000000000000.000000;
id49outofresource= 724464 8000009 960.000000 4046.000000;
id50outofresource= 817860 8000006 4877.000000 735.000000;
id51outofresource= 721640 8000001 1637.000000 2312.000000;
id52outofresource= 727198 8000001 1270.000000 3057.000000;
id53outofresource= 698405 8000007 1092.000000 3539.000000;
id54outofresource= 779132 8000000 2837.000000 1320.000000;
id55solved= 32046 198760 0.000000 1000000000000.000000;
id56outofresource= 821825 8000006 596.000000 6293.000000;
id57unsolved= 2186 10124 1000000000000.000000 0.000000;
id58outofresource= 714403 8000000 1934.000000 1972.000000;
id59outofresource= 698664 8000007 1929.000000 2043.000000;
id60outofresource= 778175 8000000 1276.000000 3019.000000;
id61outofresource= 819110 8000001 978.000000 3697.000000;
id62outofresource= 890024 8000003 1171.000000 3090.000000;
id63outofresource= 803014 8000012 1106.000000 3469.000000;
id64outofresource= 818166 8000003 1036.000000 3530.000000;
id65solved= 1 0 0.000000 1000000000001.000000;
id66outofresource= 715675 8000007 1187.000000 3265.000000;
id67outofresource= 762842 8000007 1123.000000 3381.000000;
id68outofresource= 714008 8000003 1217.000000 3109.000000;
id69outofresource= 800120 8000012 1297.000000 2919.000000;
id70outofresource= 916398 8000000 2039.000000 1693.000000;
id71outofresource= 787301 8000005 944.000000 4146.000000;
id72outofresource= 816244 8000004 399.000000 9416.000000;
id73outofresource= 657484 8000013 1936.000000 1983.000000;
id74outofresource= 677748 8000002 1735.000000 2190.000000;
id75outofresource= 669363 8000006 2899.000000 1337.000000;
id76outofresource= 762652 8000000 699.000000 5472.000000;
id77outofresource= 714582 8000010 2091.000000 1851.000000;
id78outofresource= 765104 8000004 836.000000 4623.000000;
id79outofresource= 668840 8000014 1149.000000 3416.000000;
id80outofresource= 808686 8000001 1528.000000 2414.000000;
id81outofresource= 904626 8000004 333.000000 9980.000000;
id82outofresource= 717218 8000009 1017.000000 3766.000000;
id83outofresource= 689524 8000001 1031.000000 3798.000000;
id84outofresource= 1348845 8000000 33.000000 87200.000000;
id85outofresource= 864321 8000001 6813.000000 486.000000;
id86outofresource= 719474 8000002 779.000000 5042.000000;
id87outofresource= 699434 8000001 2421.000000 1585.000000;
id88outofresource= 736278 8000000 2123.000000 1872.000000;
id89outofresource= 749198 8000005 1375.000000 2773.000000;
id90solved= 69832 512258 0.000000 1000000000000.000000;
id91outofresource= 860784 8000001 628.000000 5581.000000;
id92outofresource= 932472 8000000 546.000000 6682.000000;
id93outofresource= 690108 8000010 1045.000000 3679.000000;
id94outofresource= 824345 8000004 2405.000000 1565.000000;
id95outofresource= 710154 8000011 1312.000000 2948.000000;
id96outofresource= 786377 8000008 1128.000000 3365.000000;
id97outofresource= 711425 8000003 1374.000000 2830.000000;
id98outofresource= 652994 8000011 2265.000000 1742.000000;
id99outofresource= 795569 8000003 1020.000000 3700.000000;
id100outofresource= 674731 8000001 1099.000000 3474.000000;
id101solved= 29661 250834 0.000000 1000000000000.000000;
id102unsolved= 8874 65917 1000000000000.000000 0.000000;
id103outofresource= 703057 8000007 1688.000000 2307.000000;
id104outofresource= 698604 8000003 1686.000000 2297.000000;
id105outofresource= 723882 8000003 711.000000 5344.000000;
id106outofresource= 907143 8000001 869.000000 4215.000000;
id107outofresource= 1052042 8000001 968.000000 2732.000000;
id108outofresource= 607755 8000011 633.000000 6153.000000;
id109outofresource= 711289 8000012 1614.000000 2422.000000;
id110outofresource= 607610 8000004 867.000000 4400.000000;
id111outofresource= 722372 8000009 1446.000000 2715.000000;
id112outofresource= 953487 8000006 3084.000000 836.000000;
id113outofresource= 820593 8000006 780.000000 4793.000000;
id114outofresource= 833450 8000008 1564.000000 2285.000000;
id115outofresource= 739453 8000000 2408.000000 1605.000000;
id116outofresource= 645326 8000001 1823.000000 2167.000000;
id117outofresource= 825264 8000010 696.000000 5483.000000;
id118outofresource= 768948 8000009 772.000000 4829.000000;
id119solved= 828 4599 0.000000 1000000000000.000000;
id120outofresource= 746049 8000007 2946.000000 1247.000000;
id121outofresource= 774966 8000006 1840.000000 2054.000000;
id122outofresource= 762590 8000008 1664.000000 2234.000000;
id123outofresource= 732864 8000004 540.000000 7211.000000;
id124outofresource= 659414 8000009 993.000000 3933.000000;
id125outofresource= 768671 8000010 1868.000000 2043.000000;
id126outofresource= 791586 8000003 3070.000000 1189.000000;
id127outofresource= 635186 8000005 1876.000000 2075.000000;
id128outofresource= 696802 8000008 1873.000000 2055.000000;
id129outofresource= 710944 8000003 1081.000000 3584.000000;
id130outofresource= 804669 8000008 1082.000000 3346.000000;
id131unsolved= 1303 9700 1000000000000.000000 0.000000;
id132outofresource= 646096 8000003 1476.000000 2622.000000;
id133unsolved= 584 3412 1000000000000.000000 0.000000;
id134solved= 1 0 0.000000 1000000000001.000000;
id135outofresource= 964925 8000004 201.000000 16553.000000;
id136outofresource= 828311 8000011 803.000000 4556.000000;
id137outofresource= 684979 8000009 1621.000000 2415.000000;
id138outofresource= 748971 8000004 2534.000000 1497.000000;
id139outofresource= 766667 8000002 2155.000000 1757.000000;
id140outofresource= 815975 8000001 2664.000000 1370.000000;
id141outofresource= 658108 8000005 792.000000 4936.000000;
id142outofresource= 804602 8000001 812.000000 4672.000000;
id143outofresource= 926517 8000000 6293.000000 548.000000;
id144solved= 1 0 0.000000 1000000000001.000000;
id145outofresource= 877995 8000007 4190.000000 700.000000;
id146unsolved= 129634 882175 1000000000000.000000 0.000000;
id147outofresource= 641933 8000000 1575.000000 2538.000000;
id148outofresource= 818463 8000008 3791.000000 786.000000;
id149outofresource= 818616 8000002 1585.000000 2433.000000;
id150outofresource= 654402 8000004 2236.000000 1761.000000;
id151outofresource= 763306 8000005 853.000000 4533.000000;
id152outofresource= 603826 8000006 1169.000000 3352.000000;
id153outofresource= 736286 8000004 706.000000 5411.000000;
id154outofresource= 701206 8000000 886.000000 4319.000000;
id155outofresource= 680935 8000007 534.000000 7175.000000;
id156outofresource= 814525 8000012 3046.000000 1179.000000;
id157outofresource= 807588 8000005 1633.000000 2325.000000;
id158outofresource= 900254 8000007 503.000000 7506.000000;
id159outofresource= 684243 8000005 1560.000000 2486.000000;
id160outofresource= 866100 8000000 12453.000000 200.000000;
id161outofresource= 727147 8000000 1507.000000 2561.000000;
id162outofresource= 880265 8000003 2961.000000 1241.000000;
id163outofresource= 691278 8000004 1150.000000 3373.000000;
id164outofresource= 647011 8000007 680.000000 5684.000000;
id165unsolved= 411549 3010954 1000000000000.000000 0.000000;
id166outofresource= 750287 8000000 2030.000000 1872.000000;
id167outofresource= 800105 8000000 871.000000 4386.000000;
id168outofresource= 771698 8000000 839.000000 4628.000000;
id169outofresource= 589045 8000006 1385.000000 2807.000000;
id170outofresource= 694205 8000002 773.000000 4972.000000;
id171outofresource= 936062 8000009 3407.000000 1047.000000;
id172outofresource= 768774 8000004 2126.000000 1722.000000;
id173outofresource= 777864 8000002 1912.000000 1928.000000;
id174outofresource= 819523 8000006 1052.000000 3581.000000;
id175outofresource= 774434 8000004 1313.000000 2873.000000;
id176outofresource= 778764 8000002 3026.000000 1206.000000;
id177outofresource= 798082 8000004 1193.000000 3181.000000;
id178solved= 1 0 0.000000 1000000000001.000000;
id179outofresource= 810178 8000004 677.000000 5489.000000;
id180outofresource= 721181 8000007 1372.000000 2734.000000;
id181outofresource= 667058 8000003 1752.000000 2197.000000;
id182outofresource= 996280 8000013 11662.000000 169.000000;
id183outofresource= 779717 8000006 1088.000000 3564.000000;
id184outofresource= 686169 8000002 2004.000000 1923.000000;
id185outofresource= 987522 8000001 2395.000000 908.000000;
id186outofresource= 686764 8000003 1511.000000 2530.000000;
id187outofresource= 862496 8000006 3392.000000 894.000000;
id188outofresource= 711624 8000007 880.000000 4389.000000;
id189outofresource= 750867 8000003 2165.000000 1725.000000;
id190solved= 1 0 0.000000 1000000000001.000000;
id191outofresource= 709477 8000000 669.000000 5739.000000;
id192outofresource= 674300 8000003 863.000000 4414.000000;
id193outofresource= 703399 8000001 1736.000000 2240.000000;
id194outofresource= 650327 8000001 2717.000000 1418.000000;
id195outofresource= 717268 8000000 1428.000000 2716.000000;
id196outofresource= 906950 8000002 1919.000000 1549.000000;
id197outofresource= 851049 8000000 838.000000 4552.000000;
id198outofresource= 681725 8000000 1658.000000 2364.000000;
id199outofresource= 1032718 8000000 2999.000000 1094.000000;
-------------------32-----------------
id0outofresource= 1202112 8000000 1753.000000 1341.000000;
id1solved= 719361 4568637 0.000000 1000000000000.000000;
id2outofresource= 742914 8000013 1988.000000 1993.000000;
id3outofresource= 885092 8000010 1442.000000 2662.000000;
id4solved= 1 0 0.000000 1000000000001.000000;
id5unsolved= 31 147 1000000000000.000000 0.000000;
id6solved= 228444 1536693 0.000000 1000000000000.000000;
id7outofresource= 1031446 8000002 740.000000 4609.000000;
id8solved= 1021 8337 0.000000 1000000000000.000000;
id9unsolved= 103451 701379 1000000000000.000000 0.000000;
id10outofresource= 958168 8000001 2098.000000 1773.000000;
id11outofresource= 834714 8000005 1436.000000 2740.000000;
id12outofresource= 804374 8000002 1163.000000 3492.000000;
id13outofresource= 918370 8000002 1334.000000 2861.000000;
id14outofresource= 1108250 8000003 2565.000000 1378.000000;
id15outofresource= 955060 8000001 2534.000000 1423.000000;
id16outofresource= 851278 8000007 1960.000000 1991.000000;
id17outofresource= 785316 8000010 1769.000000 2244.000000;
id18solved= 11610 84853 0.000000 1000000000000.000000;
id19outofresource= 782244 8000003 1654.000000 2386.000000;
id20unsolved= 100 484 1000000000000.000000 0.000000;
id21solved= 1 0 0.000000 1000000000001.000000;
id22outofresource= 928147 8000004 516.000000 7002.000000;
id23outofresource= 901751 8000002 3752.000000 944.000000;
id24unsolved= 622415 4255757 1000000000000.000000 0.000000;
id25outofresource= 932436 8000001 844.000000 4336.000000;
id26outofresource= 875426 8000002 452.000000 8537.000000;
id27outofresource= 824998 8000011 1402.000000 2829.000000;
id28outofresource= 702784 8000004 604.000000 6578.000000;
id29outofresource= 989480 8000006 2166.000000 1665.000000;
id30outofresource= 901418 8000001 1654.000000 2277.000000;
id31solved= 736004 5429229 0.000000 1000000000000.000000;
id32outofresource= 1185387 8000003 1658.000000 1377.000000;
id33outofresource= 759227 8000005 1844.000000 2164.000000;
id34solved= 1 0 0.000000 1000000000001.000000;
id35solved= 1 0 0.000000 1000000000001.000000;
id36unsolved= 503 2798 1000000000000.000000 0.000000;
id37outofresource= 947715 8000006 948.000000 4079.000000;
id38unsolved= 283 1242 1000000000000.000000 0.000000;
id39unsolved= 11 60 1000000000000.000000 0.000000;
id40outofresource= 900495 8000006 5969.000000 601.000000;
id41outofresource= 1190230 8000000 2773.000000 1235.000000;
id42unsolved= 3813 22885 1000000000000.000000 0.000000;
id43outofresource= 777870 8000004 2395.000000 1636.000000;
id44outofresource= 848500 8000007 1645.000000 2308.000000;
id45solved= 1091985 6026600 0.000000 1000000000000.000000;
id46outofresource= 813176 8000003 874.000000 4556.000000;
id47unsolved= 406191 2479223 1000000000000.000000 0.000000;
id48unsolved= 7294 38073 1000000000000.000000 0.000000;
id49outofresource= 905713 8000002 3970.000000 820.000000;
id50outofresource= 900769 8000001 1200.000000 3233.000000;
id51unsolved= 115757 630260 1000000000000.000000 0.000000;
id52outofresource= 876101 8000011 2707.000000 1369.000000;
id53outofresource= 842396 8000002 2389.000000 1653.000000;
id54outofresource= 876399 8000002 2765.000000 1390.000000;
id55outofresource= 807545 8000010 730.000000 5483.000000;
id56solved= 1 0 0.000000 1000000000001.000000;
id57solved= 1032470 6889033 0.000000 1000000000000.000000;
id58outofresource= 746018 8000004 1693.000000 2290.000000;
id59outofresource= 956385 8000002 1172.000000 3326.000000;
id61outofresource= 723598 8000007 917.000000 4272.000000;
id62unsolved= 472888 3378096 1000000000000.000000 0.000000;
id63outofresource= 756053 8000000 1272.000000 3202.000000;
id64solved= 1261194 7033562 0.000000 1000000000000.000000;
id65outofresource= 798067 8000010 1714.000000 2262.000000;
id66outofresource= 978750 8000000 6671.000000 210.000000;
id67outofresource= 915833 8000001 2004.000000 1768.000000;
id68outofresource= 705779 8000008 1754.000000 2284.000000;
id69outofresource= 726148 8000005 1441.000000 2762.000000;
id70outofresource= 915001 8000007 1657.000000 2312.000000;
id71unsolved= 972509 6952015 1000000000000.000000 0.000000;
id72unsolved= 260674 1571934 1000000000000.000000 0.000000;
id73outofresource= 1022710 8000005 2726.000000 1130.000000;
id74outofresource= 869690 8000006 2627.000000 1376.000000;
id75outofresource= 883184 8000006 1377.000000 2829.000000;
id76unsolved= 547864 4032357 1000000000000.000000 0.000000;
id77outofresource= 995642 8000005 1211.000000 3138.000000;
id78outofresource= 1210992 8000000 4076.000000 808.000000;
id79outofresource= 883734 8000000 1164.000000 3402.000000;
id80solved= 705 4101 0.000000 1000000000000.000000;
id81outofresource= 706160 8000008 1351.000000 2954.000000;
id82outofresource= 901153 8000006 1770.000000 2188.000000;
id83solved= 432 2629 0.000000 1000000000000.000000;
id84outofresource= 785869 8000007 895.000000 4445.000000;
id85outofresource= 868760 8000009 850.000000 4568.000000;
id86outofresource= 996063 8000001 2580.000000 1475.000000;
id87outofresource= 881825 8000009 1867.000000 1901.000000;
id88solved= 464999 3114360 0.000000 1000000000000.000000;
id89solved= 1 0 0.000000 1000000000001.000000;
id90outofresource= 758728 8000006 1205.000000 3307.000000;
id91solved= 81206 445814 0.000000 1000000000000.000000;
id92outofresource= 893404 8000001 1781.000000 2224.000000;
id93solved= 13373 84368 0.000000 1000000000000.000000;
id94unsolved= 1070133 6864153 1000000000000.000000 0.000000;
id95outofresource= 968788 8000006 2013.000000 1880.000000;
id96unsolved= 1066772 7786225 1000000000000.000000 0.000000;
id97outofresource= 1169077 8000002 5656.000000 410.000000;
id98outofresource= 784081 8000006 2550.000000 1527.000000;
id99outofresource= 636530 8000013 1247.000000 3182.000000;
id100outofresource= 993178 8000002 1892.000000 2011.000000;
id101outofresource= 788686 8000003 993.000000 4077.000000;
id102solved= 37537 248746 0.000000 1000000000000.000000;
id103outofresource= 832962 8000001 1223.000000 3316.000000;
id104unsolved= 5709 31255 1000000000000.000000 0.000000;
id105solved= 235771 1636647 0.000000 1000000000000.000000;
id106outofresource= 877363 8000009 1172.000000 3236.000000;
id107outofresource= 814988 8000000 2052.000000 1930.000000;
id108outofresource= 843852 8000000 1578.000000 2477.000000;
id109outofresource= 839374 8000004 1485.000000 2639.000000;
id110outofresource= 792387 8000011 1274.000000 3117.000000;
id111outofresource= 901557 8000000 1700.000000 2181.000000;
id112unsolved= 2396 11527 1000000000000.000000 0.000000;
id113unsolved= 1032 5105 1000000000000.000000 0.000000;
id114solved= 1244 9611 0.000000 1000000000000.000000;
id115outofresource= 867660 8000006 2100.000000 1868.000000;
id116unsolved= 1054417 6464685 1000000000000.000000 0.000000;
id117outofresource= 834876 8000002 2470.000000 1582.000000;
id118